location:5.5647853736089 6.03482824427481
orientation:226
