location:4.09527121001391 5.60157699443414
orientation:139
