location:7.59538950715421 5.87356870229008
orientation:270
